src/dustapprox/data/precomputed/polynomial/G23/kurucz/oct2025_a0r0_gaiac1_kurucz_G23_teff_A0_R0.ecsv
# %ECSV 1.0
# ---
# delimiter: ','
# datatype:
# - name: passband
#   datatype: object
# - name: '1'
#   datatype: float64
# - name: A0
#   datatype: float64
# - name: R0
#   datatype: float64
# - name: teffnorm
#   datatype: float64
# - name: A0^2
#   datatype: float64
# - name: A0 R0
#   datatype: float64
# - name: A0 teffnorm
#   datatype: float64
# - name: R0^2
#   datatype: float64
# - name: R0 teffnorm
#   datatype: float64
# - name: teffnorm^2
#   datatype: float64
# - name: A0^3
#   datatype: float64
# - name: A0^2 R0
#   datatype: float64
# - name: A0^2 teffnorm
#   datatype: float64
# - name: A0 R0^2
#   datatype: float64
# - name: A0 R0 teffnorm
#   datatype: float64
# - name: A0 teffnorm^2
#   datatype: float64
# - name: R0^3
#   datatype: float64
# - name: R0^2 teffnorm
#   datatype: float64
# - name: R0 teffnorm^2
#   datatype: float64
# - name: teffnorm^3
#   datatype: float64
# - name: mae
#   datatype: float64
# - name: rmse
#   datatype: float64
# - name: mean_residuals
#   datatype: float64
# - name: std_residuals
#   datatype: float64
# meta:
#   extinction:
#     source: G23
#     R0:
#     - 2.299999952316284
#     - 5.099999904632568
#     A0:
#     - 0.009999999776482582
#     - 20.0
#   atmosphere:
#     source: Kurucz (ODFNEW/NOVER 2003)
#     teff:
#     - 3500.0
#     - 50000.0
#     logg:
#     - 0.0
#     - 5.0
#     feh:
#     - -4.0
#     - 0.5
#     alpha:
#     - 0.0
#     - 0.4
#   comment: teffnorm = teff / 5040; predicts kx = Ax / A0
#   model:
#     kind: polynomial
#     degree: 3
#     interaction_only: false
#     include_bias: true
#     feature_names:
#     - A0
#     - R0
#     - teffnorm
passband,1,A0,R0,teffnorm,A0^2,A0 R0,A0 teffnorm,R0^2,R0 teffnorm,teffnorm^2,A0^3,A0^2 R0,A0^2 teffnorm,A0 R0^2,A0 R0 teffnorm,A0 teffnorm^2,R0^3,R0^2 teffnorm,R0 teffnorm^2,teffnorm^3,mae,rmse,mean_residuals,std_residuals
C1M395,2.7597315893052183,-0.0004842138836862921,-0.7274661826548329,0.005816817925936256,-4.430743690271527e-08,0.00018175276274983872,1.1156942554342291e-05,0.1354445804351851,-0.000737943930936735,-0.0008930772817522986,3.3735154053601928e-09,0.0,-6.593863333932838e-09,-1.826015671437327e-05,-9.702377693031429e-07,-6.692192135916501e-07,-0.009209723444400223,3.3468457819203994e-05,4.492362214467041e-05,4.353710306062345e-05,0.0009246420582581516,1.6499099064438478e-06,-1.0435442936030735e-07,0.0012844881842796379
C1M747,0.09115070222751767,-0.0002468650241508076,0.3625359220875265,0.000990822093560047,-5.941677135299693e-08,7.363988311722384e-05,-9.730730531328398e-07,-0.06767726631605242,-6.0389152368363593e-05,-0.00017042690414131303,3.0677159338181033e-09,0.0,4.688616550198238e-10,-7.094619620554596e-06,5.935971898715343e-08,7.034078188631771e-08,0.004616274856726699,2.5410883990761818e-06,3.5314985501750046e-06,9.236446417188068e-06,0.0004666338760023203,2.859601137257229e-07,-7.568574761032745e-08,0.0005347523800764149
C1M965,-0.406769882863387,-0.000440247043610063,0.5108046763694434,0.0012459165912964507,4.508131513466273e-07,0.00012318624642366404,-6.74472051870485e-07,-0.095319553088733,-6.121462957164086e-05,-0.00021118870506717645,4.224733097345397e-09,-1.0579183459386007e-07,-9.40248418772819e-09,-1.1761261930447556e-05,0.0,8.647157711915203e-08,0.006499720481426989,2.006867325976557e-06,3.856548768360578e-06,1.1273990981266519e-05,0.0006810291898244891,5.432618645189426e-07,5.288441952356918e-08,0.0007370629971190935
C1M344,3.601313997395901,-0.011933978865992179,-1.1042015409686763,0.044505964765841115,9.837224356494249e-05,0.0045124224450688935,-0.00028576956543763536,0.20101813985025435,-0.005886212760929662,-0.0060636665958052295,3.80546313205919e-08,-2.1683252915726637e-05,-2.941134317956212e-07,-0.0004256743122864878,3.49229628659164e-05,1.447958408864927e-05,-0.01335248176004598,0.00021402009567054211,0.00033451631476843054,0.00027365872334155254,0.0025678323965764305,2.0872728502128528e-05,-1.6633189524660306e-12,0.0045686681321943845
C1M379,3.0097477385248057,-0.002177199308357574,-0.8320703769643419,-0.007952921084840735,4.802335840333843e-06,0.0008510013068031418,-1.0795845022798202e-05,0.15393998064158407,-7.951633024710851e-05,0.002172449458572315,1.1910193125446073e-08,-1.1025293737175735e-06,-2.4155124092414124e-08,-8.672994453560949e-05,3.5455498720793063e-06,-7.378839021686814e-07,-0.01041652799751359,4.467558343375586e-05,-5.386835884137582e-05,-0.00012954220889531173,0.0016450060640347264,6.82993434412487e-06,-2.31632855305131e-12,0.002613414307782995
C1M861,-0.19844639731874658,-0.00012307416432951696,0.4489903947931614,0.0004358252511266761,1.639251870104241e-07,3.382620084615641e-05,9.626564044875824e-07,-0.08362696419080823,0.0,-6.957888118427064e-05,-2.1559422268560348e-10,-3.3465055065811095e-08,-5.70163292281995e-09,-3.435007665485816e-06,-1.224208044549507e-07,-4.0969108748072734e-08,0.005692456580978184,-1.8045263421753027e-06,1.117312843737509e-06,3.2410819858670356e-06,0.0005740347143982638,4.5238642848957303e-07,1.123888074038313e-07,0.0006725967706273417
C1M656,0.5336003621015223,-3.6457251631663565e-05,0.19210286830720116,0.00012518020012815818,-1.235032411635094e-07,1.3134147942351019e-05,-2.0797065517107188e-07,-0.03583748418023475,-7.1205970314051706e-06,-2.3825881578249044e-05,1.551071513854993e-09,1.8345527760410318e-08,2.0173627253744574e-09,-1.3161030456659296e-06,0.0,2.163238938036291e-08,0.0024427552964204342,-2.2848702317915896e-08,7.753665620308153e-07,1.2291811261021098e-06,0.0002666347251214507,7.431472361347457e-08,-5.982368095978282e-08,0.00027260726335628287
C1M326,3.7725306348004497,-0.03650095101540499,-1.1762530902677097,0.13486637452842465,0.0007526047013843966,0.012562076445634823,-0.002255924452099157,0.2081150043124061,-0.016366410547885277,-0.01728605254782786,-3.7581518677684332e-06,-0.00014563741474005374,8.619590249974753e-06,-0.0010023578323383152,0.00025518020265072094,9.969267776471022e-05,-0.013464475608926385,0.00027204343786914635,0.0009885239096429882,0.0007317112273691109,0.006401014981145203,0.00013468547807784917,-7.657346418557269e-13,0.011605407277551667
C1M506,1.4946549092645858,-0.003549646354954949,-0.17169351067133093,0.002102830165144266,1.0090345990322164e-05,0.0013140233514461785,8.905897178545357e-06,0.030269818149552995,-0.0003757097749795922,-0.00022313305378111395,5.0535830101103794e-08,-2.4823750971228256e-06,-3.695366172167255e-08,-0.0001285574483432313,1.2278917842947698e-07,-9.631717741640068e-07,-0.0019503410661474423,2.055800536783914e-05,1.6883736242491263e-05,8.836952972513749e-06,0.0002794327057462631,4.424835073241065e-07,7.366692607302499e-13,0.0006651943380126642
C1B556,0.9979235935297356,-0.01092602305509609,0.031117576955054342,0.03684255922004043,0.00015970240814211766,0.003073408578260803,-0.00036236847083511396,-0.008636516285098681,-0.0024347022317228596,-0.0058524704428946995,-8.539461317227737e-08,-3.0404200263677402e-05,-1.7867637459965108e-07,-0.00023739492352601498,2.9115780627631284e-05,2.2458263023032154e-05,0.000762568706736646,8.339251611647915e-05,0.00013060961537104322,0.00030124932390606355,0.0024412457981750624,1.237309887264701e-05,-4.280214049847643e-12,0.003517541595013058
C1M467,1.9317785523843274,-0.0005258886287942199,-0.36656951584682435,0.0014721148220983654,5.809299713428844e-07,0.000176842026761392,-2.451179455909611e-06,0.06804918118483272,-0.00014607495178755063,-0.00022386914837150673,4.492361222708459e-09,-1.3799620117472932e-07,0.0,-1.7040070084237797e-05,2.630164316320966e-07,1.2618222304077e-07,-0.004616211643647898,7.244938360611302e-06,7.74680033217214e-06,1.1124159247466444e-05,0.0004863906774769111,3.528236333022117e-07,-9.284514815779152e-08,0.0005939895829743062
C1B768,0.014690681475969811,-0.004683947223675148,0.3902411299615365,0.01591232099269102,2.865806957789801e-05,0.001249368245539869,-7.756604709922943e-05,-0.07395103650001165,-0.0008552088727200237,-0.0026690988441836535,2.563663703729024e-07,-6.2812251900485725e-06,-4.3787617458144957e-07,-0.00010757384849330999,5.220584117662928e-06,6.064203205601446e-06,0.005116369098385146,3.634543203393241e-05,4.500200301695017e-05,0.0001430340525317303,0.0010960069762310787,4.04024006589657e-06,3.356859628200648e-13,0.0020100348419608478
C1B431,2.145404141075862,-0.016488688369413633,-0.44658714383104997,0.06926838578948102,0.0001332072345650317,0.005704751159185629,-0.0006062035019259326,0.07765230201163759,-0.006362740358039973,-0.010296497781495908,7.469765087065033e-07,-3.254487776475862e-05,-1.1336988781474811e-06,-0.000510187806649496,6.352316848104794e-05,3.382890186376279e-05,-0.004896978696090798,0.00021648967690615203,0.0003515780462451489,0.0005038755332258841,0.004778871200745272,5.695521406255029e-05,-5.858940934266607e-13,0.007546867831262867
C1M716,0.20784504676523,-0.00024159456472896732,0.32155809442793926,0.0005737267397241193,-5.3844005539773473e-08,7.658446586557035e-05,1.3340695456306173e-06,-0.060047078159175156,-4.481686212623469e-05,-9.528195284045713e-05,2.4469773709495415e-09,0.0,1.448091150106698e-09,-7.4466056398463534e-06,-4.23979697744194e-08,-1.1618027088934596e-07,0.004096974065372701,1.9770892598768775e-06,2.61763220335514e-06,5.068084035375874e-06,0.0004274511062316577,2.1332824622734251e-07,-6.541773806715603e-08,0.0004618747037323673
C1M515,1.3814494362143677,-0.0008077193289694859,-0.12824098632045658,0.0019699366098662094,5.308786796602546e-07,0.00030097677893700236,3.170217816476683e-06,0.02345263395676471,-0.00021491080488997866,-0.00032193286341687964,4.866607699061366e-09,-1.3952737231542274e-07,0.0,-3.0164422010764226e-05,-1.8343457691686385e-07,-2.3487775520440253e-07,-0.0015669638837880972,9.854117118258235e-06,1.2967134001237228e-05,1.6688302411393223e-05,0.00022039491652825483,2.419047471557081e-07,-6.996630188927734e-08,0.0004918381260744481
C1B655,0.518858875062385,-0.0031720313994533147,0.20421991038239648,0.006916011803754948,6.886787023228689e-06,0.0010943617594348488,-1.8302804123155177e-05,-0.0393507756618367,-0.000639060117443364,-0.001068406642315625,7.723396306745253e-08,-1.798150549340822e-06,-9.404460385545478e-08,-0.00010545471835327996,1.3771862693301779e-06,1.4448998644721455e-06,0.002766770809984535,2.8483231116514613e-05,3.5253212475247584e-05,5.3483032525973766e-05,0.0004283270138443207,4.394153030889341e-07,1.7161401417046788e-13,0.0006628840796767819
C1M410,2.5779712132098487,-0.0007448083698578595,-0.6444764883610338,0.0015132636571087957,7.438493230577429e-07,0.00028423247577048343,-6.8896996267926835e-06,0.11981700317420073,-0.0002172851215820892,-0.00017849628625364532,3.180445311877661e-09,-1.7815998254982178e-07,0.0,-2.873518085301543e-05,4.658937816755999e-07,5.140106207436448e-07,-0.008138789976821856,1.1450813264832133e-05,9.80158579365095e-06,7.339130934860076e-06,0.0008793376957131338,1.0709816837753201e-06,-1.6871710422931565e-08,0.0010348824491171282
C1M825,-0.12219245649389913,-0.00016490090756918332,0.4285044655579082,0.00023954299262194648,1.465879373802546e-07,4.574069109578562e-05,4.744938975797236e-07,-0.07984999943921761,0.0,-4.058746423723827e-05,1.8040497659053292e-10,-3.141577745017951e-08,-4.7029058464494155e-09,-4.538744756846657e-06,-6.78109519585658e-08,-2.142958452493803e-08,0.00543755896317068,-7.542281473076382e-07,1.9797833760106745e-07,2.4563425001474956e-06,0.0006203884678172567,3.828880905994788e-07,8.958063134301057e-08,0.0006187795104678154
C1M549,1.0702824321741435,-0.00047296427909512156,0.000512113341591184,0.0011688060365529296,7.999147727497964e-08,0.0001620821114224425,-3.143031664465204e-07,-0.00027273142286529043,-0.00010990537099345544,-0.00018003585967689992,4.816552078076077e-09,-3.970149402558793e-08,0.0,-1.596333504967102e-05,5.642015277341736e-08,7.562956419356237e-09,3.084984697755068e-05,4.768587828223189e-06,6.36624311547483e-06,8.918989049774452e-06,7.814168092390439e-05,4.019547440402326e-08,-1.0159944421376097e-07,0.00020048806468609594
C1B916,-0.3091267413825357,-0.0010207685170000509,0.482015389947615,0.0027064028709382197,1.5296462284355148e-06,0.0002678928942823244,-4.447799784589201e-06,-0.09015378651725257,-0.00017354911300130065,-0.00040811614068983823,2.0269024463613593e-08,-2.616379290728065e-07,-3.021752279229944e-08,-2.5217921662926547e-05,2.733406260964116e-07,2.7707067952506726e-07,0.006161096403140428,8.809032231928554e-06,8.477620252582653e-06,2.060065090894875e-05,0.0005719697678379931,6.377164357327066e-07,-1.8471792048656866e-13,0.00079857149694483
