dustapprox/data/precomputed/polynomial/f99/kurucz/gaiac1_kurucz_f99_a0_teff.ecsv
# %ECSV 1.0
# ---
# delimiter: ','
# datatype:
# - name: passband
#   datatype: object
# - name: '1'
#   datatype: float64
# - name: A0
#   datatype: float64
# - name: teffnorm
#   datatype: float64
# - name: A0^2
#   datatype: float64
# - name: A0 teffnorm
#   datatype: float64
# - name: teffnorm^2
#   datatype: float64
# - name: A0^3
#   datatype: float64
# - name: A0^2 teffnorm
#   datatype: float64
# - name: A0 teffnorm^2
#   datatype: float64
# - name: teffnorm^3
#   datatype: float64
# - name: mae
#   datatype: float64
# - name: rmse
#   datatype: float64
# - name: mean_residuals
#   datatype: float64
# - name: std_residuals
#   datatype: float64
# meta:
#   comment: teffnorm = teff / 5040; predicts kx = Ax / A0
#   model:
#     kind: polynomial
#     degree: 3
#     interaction_only: false
#     include_bias: true
#     feature_names:
#     - A0
#     - teffnorm
passband,1,A0,teffnorm,A0^2,A0 teffnorm,teffnorm^2,A0^3,A0^2 teffnorm,A0 teffnorm^2,teffnorm^3,mae,rmse,mean_residuals,std_residuals
C1M395,1.556368742427214,-7.816993545798968e-05,0.0037477840868335994,0.0,7.599691101505014e-06,-0.0007574546579938371,1.237726326669339e-09,-7.005831220492321e-09,-6.642691415820418e-07,4.515250939695977e-05,0.0004577134236261049,0.0007326442068911118,-3.056828343577078e-08,0.0007326442062534085
C1M747,0.6722637063728307,-8.803324781629516e-05,0.0008556419871361042,-5.1969257055547004e-08,-8.284325831001385e-07,-0.00016697842426322834,3.073379243306603e-09,0.0,7.79108210819548e-08,9.783291833369684e-06,8.659633570579084e-05,0.00015477292734006586,-6.990359441483682e-08,0.00015477291155399514
C1M965,0.4348961558364442,-0.0001171067361535973,0.0009182764912793096,0.0,-6.668404527820931e-07,-0.00017229019471486212,3.3124443142444583e-09,-3.073506331665248e-09,7.397797250820864e-08,9.85627653660716e-06,7.391944674225992e-05,0.00011340897809658895,-3.565443238099861e-08,0.00011340897249192428
C1M344,1.7086030331497506,-0.0011843753091694861,0.025561744511582746,7.841286533290714e-06,-0.00011734246435441412,-0.004776312234914261,1.2404004476267177e-07,-4.924268615454497e-07,1.1256300091054996e-05,0.00027116157165020446,0.0024070055135085866,0.0037573042383414502,1.3177450333246708e-12,0.0037573042383414502
C1M379,1.616583670386043,-0.00025045560575291757,-0.007386296519008546,4.0348209795880307e-07,1.247263897583192e-06,0.0019189084274696656,6.7320404162829345e-09,-2.2323273257170064e-08,-5.22136997049934e-07,-0.00012589112516882346,0.0015629791501865498,0.0020937287003449765,1.504524477841924e-12,0.002093728700344976
C1M861,0.5296446154749556,-4.6384387224807424e-05,0.0004141870201668279,-1.7310177922819732e-08,1.3229715079852456e-07,-6.62902536645379e-05,1.0160288572514622e-09,0.0,-1.3088473214811023e-08,3.283959791665362e-06,0.00011712525520590766,0.00021252128195320934,-2.6220833997849417e-08,0.00021252128033564868
C1M656,0.8256298465212689,-7.835565233858639e-06,0.00010147536327542657,0.0,-1.4532735381287033e-07,-2.1642647689382813e-05,1.6145131330114086e-11,3.967409442287306e-12,1.9819910425814285e-08,1.2697078516704072e-06,1.5571004650716258e-05,2.0482722672345883e-05,-1.9272410161738085e-10,2.0482722671439202e-05
C1M326,1.7077095799548108,-0.0035325209807695146,0.08265910337548843,0.00010540649235505024,-0.0012103798116671152,-0.014399976242975015,-8.875227670475708e-07,4.446529893224022e-06,9.68310306851476e-05,0.0007728641677983431,0.006571049524219719,0.009817119129320841,-4.580378898251251e-13,0.009817119129320841
C1M506,1.1969423575385894,-0.0006067927582465748,0.0011663745730360162,2.7580605237884475e-07,1.113663968659525e-05,-0.00018845802246566197,4.8033252062486506e-08,-3.522886579145862e-08,-1.1299451339303667e-06,1.0446109613505426e-05,0.00019710573516606988,0.0006128235515841983,-1.9714063748808065e-13,0.0006128235515841984
C1B556,1.0192024061233902,-0.004225017592247899,0.034160878401018495,6.471762639756027e-05,-0.00034404439552216895,-0.006245083073485341,1.147778557538144e-07,-2.96499279801404e-07,3.01443096508115e-05,0.0003472482839078057,0.0028074430451702215,0.003942025118484857,2.6185086096844193e-12,0.003942025118484858
C1M467,1.3278171073041964,-0.00020337335489059398,0.0013462452840126283,-2.5235725706874204e-08,-1.5600646058898256e-06,-0.00025277755739398696,5.8268755885956236e-09,-8.142857604166638e-09,1.4652177315375826e-07,1.4370851555301047e-05,0.00014242916096551816,0.00038966982020269324,-2.603814523601226e-12,0.0003896698202026931
C1B768,0.6355335191478728,-0.0018006652969182466,0.013918078594233668,6.890368372135506e-06,-6.576952227488683e-05,-0.002612900681785897,2.853333747007119e-07,-4.7235235840981857e-07,6.750823668003696e-06,0.00014888969106536317,0.0011458121316088588,0.00198140591439441,-2.2320509669276416e-13,0.0019814059143944103
C1B431,1.3715625616186047,-0.003572960904824757,0.05608671612635706,7.511366039025309e-06,-0.00044367887575294583,-0.010265355406304131,1.117537972282256e-06,-1.6493846113170866e-06,4.0364326720629835e-05,0.0005724994716124867,0.005493131045047117,0.008093645107399149,4.701496472494983e-13,0.008093645107399147
C1M716,0.7204721062441642,-7.553308964618246e-05,0.0004672224045146261,-2.544447779268613e-08,1.3461621927469685e-06,-9.14571405782621e-05,1.7440493911587675e-09,-6.617444900424222e-24,-1.2912897286921787e-07,5.408764909236043e-06,4.516648288171998e-05,7.507770205534626e-05,-3.5329754285479505e-08,7.507769374268102e-05
C1M515,1.1658024189388618,-0.00016326491755433065,0.0015269271421895808,-5.158636182173084e-08,3.269460093135119e-06,-0.00031641951398470806,5.384111495932195e-09,0.0,-3.05358153739877e-07,1.923360777844521e-05,0.00022643985405035316,0.0005018170075679559,-8.189961293889335e-08,0.0005018170008846963
C1B655,0.8245914004988465,-0.000717275861084107,0.005249190609305625,8.278456533447953e-07,-1.5015606443978684e-05,-0.0009874332464225183,6.664309685520447e-08,-8.878628000456307e-08,1.5926850231890205e-06,5.613088149704124e-05,0.00042968615498512053,0.0005714638077678867,4.629144630212826e-13,0.0005714638077678866
C1M410,1.5129878377747472,-0.0001587885835824219,0.0009574295444488231,-9.466560215074864e-08,-6.498021381808409e-06,-0.0001474770228631959,6.58119586318088e-09,0.0,6.572342498698073e-07,7.3025770087313755e-06,0.00017282078272129464,0.0005847763629557225,-9.436309446977639e-08,0.0005847763553422192
C1M825,0.570204477457907,-6.351255705238451e-05,0.00023971321214474064,-2.5610422131989886e-08,-8.106497199484024e-08,-4.1798006039097345e-05,1.5297161594578334e-09,-2.6469779601696886e-23,2.2684504912501204e-10,2.5657369612058743e-06,2.7922304497607353e-05,0.00011631452032033899,-3.367704720052774e-08,0.00011631451544500814
C1M549,1.0637379206272195,-0.00015454854505336408,0.001011036259421468,0.0,-1.2882942895730686e-07,-0.00018957605086836904,5.067805225623093e-09,-3.1490216730674485e-09,1.4252571813167537e-08,1.0774298880234344e-05,9.701507499759732e-05,0.00023370523177407106,-7.015396451350267e-08,0.000233705221244613
C1B916,0.4766368065711334,-0.0003453294467987072,0.0020307328378744785,6.920365380828194e-07,-3.489562148231001e-06,-0.0003468940456299936,1.2961831300361645e-08,-2.1711524548070548e-08,2.7225603479907526e-07,1.8891479656471496e-05,0.0002044333704088741,0.00037460505037173757,-8.907123246497115e-13,0.0003746050503717375
