src/dustapprox/data/precomputed/polynomial/f99/kurucz/oct2025_a0r0_gaiac1_kurucz_F99_teff_A0_R0.ecsv
# %ECSV 1.0
# ---
# delimiter: ','
# datatype:
# - name: passband
#   datatype: object
# - name: '1'
#   datatype: float64
# - name: A0
#   datatype: float64
# - name: R0
#   datatype: float64
# - name: teffnorm
#   datatype: float64
# - name: A0^2
#   datatype: float64
# - name: A0 R0
#   datatype: float64
# - name: A0 teffnorm
#   datatype: float64
# - name: R0^2
#   datatype: float64
# - name: R0 teffnorm
#   datatype: float64
# - name: teffnorm^2
#   datatype: float64
# - name: A0^3
#   datatype: float64
# - name: A0^2 R0
#   datatype: float64
# - name: A0^2 teffnorm
#   datatype: float64
# - name: A0 R0^2
#   datatype: float64
# - name: A0 R0 teffnorm
#   datatype: float64
# - name: A0 teffnorm^2
#   datatype: float64
# - name: R0^3
#   datatype: float64
# - name: R0^2 teffnorm
#   datatype: float64
# - name: R0 teffnorm^2
#   datatype: float64
# - name: teffnorm^3
#   datatype: float64
# - name: mae
#   datatype: float64
# - name: rmse
#   datatype: float64
# - name: mean_residuals
#   datatype: float64
# - name: std_residuals
#   datatype: float64
# meta:
#   extinction:
#     source: F99
#     R0:
#     - 2.299999952316284
#     - 5.099999904632568
#     A0:
#     - 0.009999999776482582
#     - 20.0
#   atmosphere:
#     source: Kurucz (ODFNEW/NOVER 2003)
#     teff:
#     - 3500.0
#     - 50000.0
#     logg:
#     - 0.0
#     - 5.0
#     feh:
#     - -4.0
#     - 0.5
#     alpha:
#     - 0.0
#     - 0.4
#   comment: teffnorm = teff / 5040; predicts kx = Ax / A0
#   model:
#     kind: polynomial
#     degree: 3
#     interaction_only: false
#     include_bias: true
#     feature_names:
#     - A0
#     - R0
#     - teffnorm
passband,1,A0,R0,teffnorm,A0^2,A0 R0,A0 teffnorm,R0^2,R0 teffnorm,teffnorm^2,A0^3,A0^2 R0,A0^2 teffnorm,A0 R0^2,A0 R0 teffnorm,A0 teffnorm^2,R0^3,R0^2 teffnorm,R0 teffnorm^2,teffnorm^3,mae,rmse,mean_residuals,std_residuals
C1M395,2.8417032702675717,-0.0004210498913601549,-0.7638273856520645,0.005409240704453886,-2.1326616963857107e-08,0.00016004030359069438,9.975239606495517e-06,0.1428533668390678,-0.0006754678502403565,-0.0008348304549120805,1.9213765622218723e-09,0.0,-6.23612375065475e-09,-1.6388415206684633e-05,-8.643176085791766e-07,-5.973801389398808e-07,-0.009744826267176928,3.22350754304826e-05,4.004154436794376e-05,4.10982616103031e-05,0.0009717587211778289,1.725006206419248e-06,-5.4159586959566545e-08,0.0013133949152810008
C1M747,0.15936564161709355,1.6645114660891246e-06,0.3040106374229743,0.0007696589420442829,-8.526211331275962e-08,-3.940648123158702e-05,-8.217930998411722e-07,-0.05664883322985485,3.4059209714865354e-05,-0.0001630051168538625,2.053984142274588e-09,1.9980021050593206e-08,-1.5894064231890246e-09,3.4302992343357465e-06,0.0,7.978701415244388e-08,0.0038570072398968003,-1.3795215478840064e-06,-2.061607541464491e-06,9.986862882188296e-06,0.0003840056642941958,2.0900105148795186e-07,-1.1433964240967684e-07,0.0004571663137353823
C1M965,0.23250270383772575,0.00010054968932176802,0.11997878755407906,0.0006909262965266693,-1.779305499572199e-07,-9.347586406449486e-05,-5.764153520431539e-07,-0.022338856864276082,9.170268681155492e-05,-0.00016245152246361865,3.19698001320684e-09,6.070016347084864e-08,-5.191079561425608e-09,7.591929062236978e-06,-4.0246621955586305e-08,8.365979235187812e-08,0.001519313099089562,-4.422286590550569e-06,-4.930402177447725e-06,1.0314008424473265e-05,0.00015153313537979995,4.352291020315167e-08,2.5440020356849086e-13,0.0002086214519246563
C1M344,3.664796132645274,-0.00938482359649876,-1.1701120465661454,0.03906107767661865,5.8914802924136086e-05,0.0037279707452132693,-0.00020261348800904198,0.22017783145808056,-0.005449412316739258,-0.005292333204180937,7.966659995752752e-08,-1.3219354407333569e-05,-3.416551827528351e-07,-0.00037518980226397504,2.4077675283686912e-05,1.0758155529174777e-05,-0.01492610938674917,0.0002658027889422713,0.0002749436138926959,0.00024347383451833553,0.0024010928176221302,1.744914593206927e-05,-1.5620667555345257e-14,0.004177217486804975
C1M379,3.0790647884266322,-0.0016508791857637638,-0.8705654872328307,-0.00686339023955513,2.686340688782489e-06,0.0006589772537573692,-7.695171569449714e-06,0.1630216376626208,-0.00013195136415207422,0.0018988319888519393,7.479438043367562e-09,-6.174280299115963e-07,-1.9638079447097e-08,-6.900785996509681e-05,2.4642658997901025e-06,-4.996124733349064e-07,-0.011117608968373075,4.637915370791857e-05,-4.44337409350202e-05,-0.00011397573646588538,0.0015338013758625646,5.78317890620159e-06,-2.707143346206141e-12,0.002404824090490111
C1M861,0.18194314883585166,3.5747168405790305e-05,0.20616596157141162,0.00028136473160093303,-8.801382239034926e-08,-3.536302112546993e-05,0.0,-0.038418470572331324,5.0306778102751375e-05,-5.874097136929765e-05,1.0554250384249418e-09,1.8811250820222607e-08,6.755954572965749e-10,2.9347300089568512e-06,3.095362230818599e-08,-1.3149676594157878e-08,0.002615699525516155,-2.263454706227641e-06,-2.845456232333169e-06,3.4180309729062107e-06,0.0002481455421835532,1.3474370193822722e-07,-1.1471948849414424e-07,0.00036707450030976844
C1M656,0.28285074427847423,-6.6868961323869325e-06,0.3217706434717742,0.00010253730009052763,-1.9935050699079768e-07,0.0,-3.1224093627232967e-07,-0.05998788854036399,0.0,-2.15925326485443e-05,2.68105468450531e-09,2.7624947029703163e-08,3.5144304306798294e-09,1.403549883302854e-08,1.844283439612776e-08,2.1730267775036297e-08,0.004086506942211153,-2.0810075724414688e-07,1.3868214229750522e-07,1.2328475350458038e-06,0.0004466780493174727,2.0678367722906757e-07,-1.0409995628810968e-07,0.0004547347209002922
C1M326,3.822120846182136,-0.02711045332257206,-1.2489209249540036,0.11860592698486566,0.00046735039759897447,0.00989553181589442,-0.001741570999310089,0.23084714677585333,-0.014386950585543772,-0.015536098151742493,-1.931749452324636e-06,-9.097642979101839e-05,5.666414419342632e-06,-0.0008805012871782169,0.00017311641869334867,8.622514603886836e-05,-0.015303269711979855,0.000573675629928953,0.0007070678232069309,0.000696897691996799,0.005994351417675903,0.00010435257669316961,-1.221924039311912e-12,0.010215310895570904
C1M506,1.485611801780192,-0.002971769492068234,-0.16644787200066463,0.002061190341891927,5.7306895118632864e-06,0.0010768258881987587,1.0539856320381962e-05,0.029700695136416586,-0.00034774516269827624,-0.00023051744754939329,4.781987654402827e-08,-1.4865496762043292e-06,-3.341255621072511e-08,-0.00010569563077096471,-1.5102390333780853e-07,-1.0125476189963068e-06,-0.0019349888335962536,1.9029086604754466e-05,1.6191186876074817e-05,9.49254362271365e-06,0.00027021725721942946,3.989939396880758e-07,3.841938690206634e-12,0.0006316596707785576
C1B556,0.8185592925484896,-0.017770194830052287,0.14092867653102176,0.04334666394700035,0.00024561442940487864,0.005580418052706736,-0.0004629619854698366,-0.03211195631659807,-0.003737095367026264,-0.006521676353325012,-1.556182038544908e-07,-4.9060429828915985e-05,-7.515608775558433e-08,-0.0004513554386707675,4.2836101505736096e-05,2.661795675647186e-05,0.002542518400826409,0.00011980100387314651,0.000207960195497865,0.0003214214337568476,0.002618783559515281,1.5441465794875032e-05,2.3321271726367233e-13,0.003929563053938063
C1M467,1.9673372543912218,-0.0010192008063783537,-0.37751506631075615,0.001865135243962928,4.6282415703439547e-07,0.0003770241175662417,-2.3392409809050183e-06,0.06993829996417825,-0.00020697297161136237,-0.00027624922367973137,6.0364273338936735e-09,-1.3372672592640136e-07,-7.577066284859799e-09,-3.790616740281508e-05,2.4769333771913256e-07,1.3548270530158419e-07,-0.0047336418706725785,9.046874107895086e-06,1.1886633792960894e-05,1.3252989502272396e-05,0.0004883073293961981,4.1532776022163864e-07,4.358263538261536e-14,0.0006444592773958947
C1B768,0.1623022963179135,0.00022891225911085902,0.27905006928222,0.012236263816517271,-5.1650946272591955e-06,-0.0008584133724764325,-5.949700564508046e-05,-0.05158254970695557,0.0006826199031301904,-0.002547326391473675,3.2569444276141646e-07,3.3831560712958606e-06,-5.116214350120311e-07,6.921620767381901e-05,-2.7113623409888883e-06,7.137889233811258e-06,0.003481747406919658,-3.255718912058049e-05,-3.472938536895859e-05,0.0001521949442890272,0.0011801290187646307,4.2948929631150755e-06,-1.26637459079835e-13,0.002072412353542382
C1B431,2.163164407979181,-0.0187393724041359,-0.44498980387134046,0.07286773729715326,0.000136093228404076,0.006580972407276432,-0.000639020795456526,0.076240092709064,-0.006778449237874842,-0.010813841669549013,8.53497988054008e-07,-3.378768378149611e-05,-1.1460161048597843e-06,-0.0005980737334048635,6.634662127505651e-05,3.568517236721223e-05,-0.0047256588082958215,0.000231453384462322,0.00037680110402841095,0.0005277306362267662,0.004981940458432144,6.199494793874249e-05,-4.1497779596316465e-13,0.007873687061265674
C1M716,0.1776068656555798,-3.12477268966922e-05,0.32181218302216247,0.0004316904986734644,-6.840637663046473e-08,-1.9494637544380265e-05,1.257836194275466e-06,-0.05998408496501639,1.4157163998839204e-05,-8.976371006805816e-05,1.8447064912669274e-09,1.104242972609962e-08,0.0,1.731494812470545e-06,3.4595898129417464e-08,-1.3268041176502896e-07,0.0040854925080445505,-5.836794759633456e-07,-8.9142900354204e-07,5.501753640438022e-06,0.00043281474374223805,2.1196693695946939e-07,-3.696895525691611e-08,0.0004603986702769305
C1M515,1.384967039042854,-0.000819306037156459,-0.1283878607242137,0.0020739964075095906,1.969131336879156e-07,0.00030279459321906957,3.826059158104153e-06,0.02351329218319109,-0.00022557635183106207,-0.00033999903418665915,5.749917684147471e-09,-6.992064601901162e-08,0.0,-3.038959702083443e-05,-2.411199475593999e-07,-2.7569661183301117e-07,-0.001571863598838177,1.0471792969332397e-05,1.3596100718371665e-05,1.766493850066434e-05,0.0002289323419043532,2.676439819282636e-07,-8.013541912004046e-08,0.0005173431892917681
C1B655,0.2894893765311531,-0.001263682551664558,0.31796631795932184,0.00565860371745483,4.154540393178678e-06,0.00023589192583711014,-1.687085242460045e-05,-0.05948860144883488,-0.0001662667639332471,-0.0010036345885470783,6.385001587192416e-08,-9.569651332916148e-07,-8.626945674622507e-08,-2.0351362469986137e-05,7.771756305404886e-07,1.5006611369023719e-06,0.004066810598844595,7.007437124418961e-06,9.244103529159287e-06,5.5177983693118624e-05,0.0004780877513865245,5.22766588751034e-07,7.026546062037333e-13,0.0007230259945195843
C1M410,2.6451021132556884,-0.0009375380625133948,-0.6691184626295277,0.0015393011855032131,2.6799084721383183e-07,0.00036268749182686596,-7.685517846191899e-06,0.12417911675586221,-0.0002391630306484296,-0.00016844410526909066,6.895627050334046e-09,-9.717353999388563e-08,0.0,-3.714003395936258e-05,4.893584327903263e-07,5.971737562246846e-07,-0.008424267634347365,1.4336604306056414e-05,9.34915715308178e-06,6.661589804285307e-06,0.0009078489756915165,1.1876168544754673e-06,-8.329213252115042e-08,0.0010897783478936844
C1M825,0.1667892650237124,3.914102441290302e-05,0.23913381474229564,0.00018236921810460817,-9.775829679461835e-08,-4.442166614627202e-05,-7.922914407765979e-08,-0.044551753005629996,2.4250758674924665e-05,-4.066307038648571e-05,1.443446868470242e-09,2.1534891929488345e-08,-3.5048162955705583e-10,3.7253265843625077e-06,0.0,-7.700396481194397e-10,0.003032978139350217,-1.5621035900134557e-06,-7.075464186566098e-07,2.6519846765861723e-06,0.00033427385943385346,1.2874566776811803e-07,-1.1384363634895239e-07,0.0003588114474312999
C1M549,0.9955336610776553,-0.0008768590940386305,0.042000994510987974,0.0014862105180251015,5.939176702843647e-07,0.00033474757132868747,-2.886264603701115e-07,-0.008266813243304976,-0.0001887122878287508,-0.00021203528459293715,3.6000737847652178e-09,-1.4542139709339383e-07,-5.395209962290023e-09,-3.4025558318762906e-05,5.792017782771011e-08,1.4315506227662262e-08,0.0005928653710500608,8.586999108196816e-06,1.0753793146634735e-05,9.833908971386223e-06,9.761120237772314e-05,5.749362241756325e-08,1.8037915579597393e-12,0.00023977827761822637
C1B916,0.20862700902490372,0.0002777373103931682,0.15867568847014288,0.0014274732411754991,-1.12750154499815e-06,-0.00026553148985259593,-2.0531742186553036e-06,-0.02949098550109722,0.00024132547321503402,-0.0003217593662612669,1.6594579043865522e-08,5.431452565084091e-07,-2.5305982921516312e-08,2.1306492869014535e-05,-5.296509405477579e-07,3.122230260519122e-07,0.0020016829497379453,-1.265432360617602e-05,-1.1330239379857431e-05,1.975478483701237e-05,0.0002460662353305776,2.0763399617554073e-07,-3.6962736767830553e-13,0.00045566873513062174
