dustapprox/data/precomputed/polynomial/kurucz_f99_a0_teff.ecsv
# %ECSV 1.0
# ---
# delimiter: ','
# datatype:
# - name: passband
#   datatype: object
# - name: '1'
#   datatype: float64
# - name: A0
#   datatype: float64
# - name: teffnorm
#   datatype: float64
# - name: A0^2
#   datatype: float64
# - name: A0 teffnorm
#   datatype: float64
# - name: teffnorm^2
#   datatype: float64
# - name: A0^3
#   datatype: float64
# - name: A0^2 teffnorm
#   datatype: float64
# - name: A0 teffnorm^2
#   datatype: float64
# - name: teffnorm^3
#   datatype: float64
# - name: mae
#   datatype: float64
# - name: rmse
#   datatype: float64
# - name: mean
#   datatype: float64
# - name: stddev
#   datatype: float64
# meta:
#   atmosphere:
#     source: Kurucz (ODFNEW/NOVER 2003)
#     teff: [3500.0, 50000.0]
#     logg: [0.0, 5.0]
#     feh:  [-4, 0.5]
#     alpha: [0, 0.4]
#   extinction:
#     source: Fitzpatrick (1999)
#     R0: 3.1
#     A0: [0, 10]
#   comment:
#     - teffnorm = teff / 5040
#     - predicts kx = Ax / A0
#   model:
#     kind: polynomial
#     degree: 3
#     interaction_only: false
#     include_bias: true
#     feature_names:
#     - A0
#     - teffnorm
passband,1,A0,teffnorm,A0^2,A0 teffnorm,teffnorm^2,A0^3,A0^2 teffnorm,A0 teffnorm^2,teffnorm^3,mae,rmse,mean,stddev
GAIA_GAIA3.G,0.6775654564663895,-0.0291641333088664,0.2478015608927352,0.0018697742394643,-0.00881297433248,-0.0416407837525303,-3.787895794970297e-05,9.800185599343644e-05,0.000655230393838,0.0021883490270894,0.0142877708335643,0.0231488463418346,3.997824874366139e-13,0.0231488463418346
GAIA_GAIA3.Gbp,0.977581897286514,-0.0168718630788785,0.1703635344548348,0.0007404708570423,-0.0053069491468859,-0.0286106175212448,-1.018823975506764e-06,4.444710643383424e-05,0.0003892753899212,0.0015165609222523,0.0116113799789002,0.0159969159251139,1.9539232712617095e-13,0.015996915925114
GAIA_GAIA3.Grp,0.6023771330437433,-0.0066535184186274,0.0471873637671845,2.8561261630135843e-05,-0.0003260752231143,-0.0085883592375242,4.778582565377538e-06,-7.903706578551792e-06,3.728353060276946e-05,0.0004797619417806,0.0038714132019895,0.0064837149563733,-1.4834877615195872e-14,0.0064837149563733
SLOAN_SDSS.u,1.6580266144528433,-0.0018238958765706,0.0133151282384678,3.188640698482256e-05,-0.0003750981013985,-0.0007146904382137,2.3935602992696643e-08,-1.102808717908502e-06,3.4466476054093395e-05,-1.7835712602513965e-05,0.003858747150738,0.0074357105468219,1.1539925117454587e-14,0.0074357105468219
SLOAN_SDSS.g,1.240540438874133,-0.0061263211307906,0.0627506683524492,5.9036113925205954e-05,-0.0008236763363298,-0.011593122907488,4.086728942077433e-06,-2.921777112865021e-06,7.39321810306444e-05,0.0006511626002522,0.0052449031486461,0.0074039629369583,-1.1379157327202667e-14,0.0074039629369583
SLOAN_SDSS.r,0.8880993943046336,-0.002340096372465,0.0186573257039503,1.0361899968621014e-05,-8.095661040161573e-05,-0.003586899283907,6.405783173177461e-07,-8.231849459135136e-07,7.975368108498868e-06,0.0002056147868456,0.0016911385884426,0.0021894557642641,9.855235045666797e-14,0.0021894557642641
SLOAN_SDSS.i,0.6615147413851292,-0.0013961285821005,0.0120000735103582,-9.385486758263172e-07,-1.4916766321831611e-05,-0.0023346467926656,3.171446508040785e-07,-5.062005093846036e-07,1.8981988150092176e-06,0.0001362830315729,0.001102099850014,0.0020752687370629,4.916715634585009e-13,0.0020752687370629
SLOAN_SDSS.z,0.4939218484182057,-0.0010621208446002,0.0059997268410152,-7.162091737984132e-06,3.379652441410998e-05,-0.0010244445927569,9.166447686715597e-08,-1.7666762845197604e-07,-2.6386923513551454e-06,5.5500083983636825e-05,0.0004401714824313,0.0009956141565215,6.621030666855632e-15,0.0009956141565215
2MASS_2MASS.J,0.2837592129925951,-0.0003093372523253,0.0040876124437898,8.270430362181543e-07,-6.304129478185695e-06,-0.0007887439661395,9.923667159086638e-09,-2.641811320825365e-08,5.75497609340535e-07,4.567775577178504e-05,0.000373043350913,0.0004581509160354,7.35057554538578e-14,0.0004581509160354
2MASS_2MASS.H,0.181294205884423,-7.617629401302929e-05,0.0009795937301591,-5.751732961189104e-08,-1.220603068703185e-06,-0.0001814989698138,5.640469197574402e-09,0.0,1.1168477739480049e-07,1.0357057773271645e-05,0.0001010128575583,0.000159200095847,-1.907421477055248e-08,0.0001592000947043
2MASS_2MASS.Ks,0.1227188872044997,-2.219127733784758e-05,0.0001828040836845,0.0,-1.2232489324075817e-07,-3.49513515923879e-05,5.318646320944234e-10,1.408842473589295e-10,1.1477451106824446e-08,2.038460911940044e-06,2.4245399595522465e-05,8.226696313579936e-05,-1.8804476732572104e-09,8.226696311430784e-05
WISE_WISE.W1,0.0700543845213696,-2.531817589730108e-05,0.0003712599445741,0.0,-2.271732365966509e-07,-7.303405388465828e-05,1.5231391348067571e-09,6.559474851141345e-10,1.8656650139670152e-08,4.32885335147884e-06,5.370061662191006e-05,0.0001464297564143,-5.899073271186144e-09,0.0001464297562955
WISE_WISE.W2,0.048016643497227,-6.59071884871092e-06,-0.0001196975292991,-5.523043722802338e-08,-2.5007015115992386e-08,2.692849686960227e-05,2.7607080144851703e-09,3.148640263728097e-09,0.0,-1.6739296746188849e-06,2.1748363741889293e-05,4.144682429410608e-05,-1.1272128302184924e-08,4.144682276128805e-05
WISE_WISE.W3,0.0211619974005996,0.0,3.671668204863994e-05,-3.699517526758443e-07,-2.031182026614869e-07,-6.785943044797805e-06,2.011925816644489e-08,1.2620356038266589e-08,5.739463754455495e-09,3.92976328010262e-07,4.935468096330109e-06,1.2073242812624271e-05,-8.239655642422448e-08,1.2072961642450168e-05
WISE_WISE.W4,0.0096228023701504,3.955778846848057e-13,3.8887990050362485e-13,0.0,0.0,0.0,-1.824721573655524e-15,-3.111700892614866e-15,-5.676048247681056e-16,-2.2276255005112405e-15,2.886718641903485e-13,6.871181722503611e-13,-3.07913823897455e-13,6.142641611631954e-13
GALEX_GALEX.FUV,2.5800491325412125,0.0015803942420921,0.1342206349204316,4.966510409869216e-05,-0.0029390080322064,-0.021800972294966,-1.5610657843949166e-06,2.2385603921539076e-05,0.0002272673575585,0.001101698574574,0.0140327725264672,0.0201595723308702,9.484865442314076e-13,0.0201595723308702
GALEX_GALEX.NUV,2.039917660179554,-0.0418202143885103,0.5065024802180021,0.0043635160146707,-0.0178040643645524,-0.0892306676027618,-0.0001250114754599,0.0001428700816413,0.0014741740604547,0.0047660513297704,0.042463857042823,0.0597185657607431,8.724454363566737e-13,0.0597185657607431
Generic_Johnson.U,1.6599205487405833,-0.0025457862030125,0.0226504271608755,3.671738851515316e-05,-0.000457362498022,-0.0021919346647802,4.496464037743679e-07,-3.157368217466441e-06,4.571787978527497e-05,5.599291013292952e-05,0.0041762000292964,0.0088031400945553,1.3798918465699022e-13,0.0088031400945553
Generic_Johnson.B,1.3271489308375424,-0.0057850148872102,0.0737846548142329,-0.0001103961700102,1.6680826923986167e-05,-0.0142646275377977,4.628440502851659e-06,-1.019598899332075e-05,8.66528587399443e-06,0.0008286983453917,0.0076796987936131,0.0108120464470318,1.1581071447772338e-13,0.0108120464470318
Generic_Johnson.V,1.02841259464406,-0.0044667241106928,0.0380158093080067,-3.1179947083614686e-05,0.00011284861809,-0.0074754205542501,2.436255721151615e-07,-9.362199358478194e-07,-9.076152576691969e-06,0.0004409468815514,0.0037961371355473,0.0050072448599548,3.9589791366773846e-15,0.0050072448599548
Generic_Cousins.R,0.8287405011086101,-0.0040571937455347,0.0318269024136535,-2.57244826023534e-05,3.086774572662137e-05,-0.0061977422041355,2.3388580716824394e-06,-3.4267792710722263e-06,1.3269889238622343e-06,0.0003595313672317,0.0027611351842834,0.0046468969616352,1.9891888530827585e-13,0.0046468969616352
Generic_Cousins.I,0.615103298083647,-0.001098132677203,0.0073493648948586,-4.4666626084329565e-06,1.081724652240724e-05,-0.0013914023224739,1.603769779014725e-07,-2.397461615962799e-07,-4.869329257816584e-07,8.065766403594721e-05,0.000611226218116,0.000883108676886,4.97859304327523e-14,0.000883108676886
Generic_Bessell_JHKLM.J,0.2856633449848438,-0.00040600421345,0.005147138581581,1.4851442502636265e-06,-9.990243312558572e-06,-0.0009879682866739,1.3972192650022476e-08,-3.8078354493064985e-08,8.874263834435426e-07,5.709357064282064e-05,0.0004522895353906,0.000574316053669,1.2195095471031802e-13,0.000574316053669
Generic_Bessell_JHKLM.H,0.1823279758851953,-9.367856002886278e-05,0.0012683365146091,-1.185610890998726e-07,-1.55609229494127e-06,-0.0002365323680751,8.760031257164591e-09,0.0,1.4480649751795242e-07,1.3533131977108637e-05,0.0001303355027011,0.0001988643356338,-2.9847963542705234e-08,0.0001988643333938
Generic_Bessell_JHKLM.K,0.1203130840977134,-3.619155877515461e-05,5.288270040640926e-05,0.0,-3.694787780113116e-07,-4.462571061786735e-06,7.92426861494243e-10,1.4003771348266716e-10,3.459922534035107e-08,1.0288281713022744e-07,6.1113293337855534e-06,0.0001131814055032,-2.4813575201810635e-09,0.000113181405476
